              precision    recall  f1-score   support

           0       0.94      1.00      0.97        51
           1       0.97      1.00      0.98        32
           2       0.95      0.98      0.96        53
           3       0.96      1.00      0.98        49
           4       1.00      0.94      0.97        49
           5       1.00      1.00      1.00        51
           6       0.96      1.00      0.98        49
           7       1.00      1.00      1.00        40
           8       0.98      1.00      0.99        50
           9       1.00      1.00      1.00        45
          10       1.00      0.96      0.98        57
          11       1.00      1.00      1.00        51
          12       1.00      0.98      0.99        45
          13       0.95      1.00      0.98        60
          14       0.98      0.94      0.96        51
          15       1.00      1.00      1.00        45
          16       0.94      1.00      0.97        46
          17       0.98      0.96      0.97        51
          18       1.00      1.00      1.00        52
          19       0.98      1.00      0.99        43
          20       1.00      1.00      1.00        65
          21       1.00      1.00      1.00        40
          22       0.98      1.00      0.99        53
          23       1.00      0.96      0.98        55
          24       1.00      1.00      1.00        44
          25       1.00      0.96      0.98        46
          26       1.00      0.98      0.99        61
          27       0.96      0.98      0.97        55
          28       1.00      0.98      0.99        44
          29       0.96      0.98      0.97        48
          30       1.00      0.96      0.98        53
          31       1.00      0.98      0.99        45
          32       0.98      1.00      0.99        42
          33       1.00      0.97      0.99        36
          34       0.98      0.98      0.98        58
          35       0.98      1.00      0.99        58
          36       1.00      0.97      0.99        40
          37       1.00      0.98      0.99        57
          38       0.96      0.94      0.95        54
          39       1.00      0.97      0.98        58
          40       0.95      0.95      0.95        40
          41       0.91      1.00      0.95        39
          42       0.98      0.96      0.97        51
          43       1.00      0.96      0.98        57
          44       1.00      1.00      1.00        54
          45       1.00      1.00      1.00        54

    accuracy                           0.98      2277
   macro avg       0.98      0.98      0.98      2277
weighted avg       0.98      0.98      0.98      2277
