              precision    recall  f1-score   support

           0       0.91      1.00      0.95        51
           1       1.00      1.00      1.00        32
           2       0.95      1.00      0.97        53
           3       1.00      1.00      1.00        49
           4       0.96      0.92      0.94        49
           5       1.00      0.98      0.99        51
           6       0.94      0.98      0.96        49
           7       1.00      0.95      0.97        40
           8       1.00      1.00      1.00        50
           9       1.00      1.00      1.00        45
          10       1.00      0.93      0.96        57
          11       0.98      0.98      0.98        51
          12       1.00      1.00      1.00        45
          13       0.98      0.98      0.98        60
          14       0.96      0.98      0.97        51
          15       0.98      1.00      0.99        45
          16       0.98      1.00      0.99        46
          17       1.00      0.98      0.99        51
          18       0.98      1.00      0.99        52
          19       1.00      1.00      1.00        43
          20       1.00      0.98      0.99        65
          21       1.00      1.00      1.00        40
          22       1.00      1.00      1.00        53
          23       1.00      0.95      0.97        55
          24       0.98      1.00      0.99        44
          25       1.00      0.96      0.98        46
          26       1.00      0.95      0.97        61
          27       1.00      0.98      0.99        55
          28       1.00      0.98      0.99        44
          29       0.96      0.98      0.97        48
          30       0.96      1.00      0.98        53
          31       0.96      1.00      0.98        45
          32       0.98      1.00      0.99        42
          33       1.00      1.00      1.00        36
          34       0.98      0.95      0.96        58
          35       1.00      1.00      1.00        58
          36       1.00      1.00      1.00        40
          37       0.97      1.00      0.98        57
          38       0.93      0.93      0.93        54
          39       1.00      0.97      0.98        58
          40       0.95      0.95      0.95        40
          41       0.90      0.97      0.94        39
          42       1.00      0.96      0.98        51
          43       1.00      0.98      0.99        57
          44       0.95      1.00      0.97        54
          45       1.00      0.98      0.99        54

    accuracy                           0.98      2277
   macro avg       0.98      0.98      0.98      2277
weighted avg       0.98      0.98      0.98      2277
